-0.132285	0.603097	0.672418	1	9.57169e-06	3.46863e-06	9.54909e-06
-0.132277	0.603094	0.672429	1	1.37802e-05	7.6895e-06	9.54906e-06
-0.13227	0.603114	0.672384	1	-1.1807e-05	-1.18942e-05	-8.33225e-06
-0.132253	0.60312	0.672387	1	-1.55107e-05	-9.64775e-06	-2.04917e-05
-0.132252	0.603116	0.672413	1	5.02676e-06	-7.05085e-06	-1.45312e-05
-0.132264	0.603114	0.672403	1	-2.71691e-06	-2.77688e-06	9.54915e-06
-0.132276	0.603118	0.672419	1	5.53198e-06	1.14561e-05	1.52712e-05
-0.132303	0.603132	0.672409	1	-2.54887e-06	9.31286e-06	2.74305e-05
-0.132284	0.603136	0.672383	1	-2.02255e-05	-1.43741e-05	1.55095e-05
-0.13227	0.603122	0.67242	1	5.25019e-05	5.25975e-05	1.55096e-05
-0.13225	0.60312	0.671832	1	3.86988e-05	6.27129e-05	2.1471e-05
-0.13229	0.603151	0.670753	1	1.5129e-05	2.10779e-05	3.93516e-05
-0.132239	0.603174	0.669261	1	1.24365e-05	1.24154e-05	3.35026e-06
-0.132256	0.603207	0.667379	1	4.02201e-05	3.41859e-05	3.58844e-06
-0.132268	0.603264	0.665108	1	9.5758e-06	9.54416e-06	2.12317e-05
-0.132261	0.603324	0.662598	1	2.524e-05	4.32378e-05	-2.37133e-06
-0.132274	0.603405	0.659451	1	9.74672e-06	9.71041e-06	3.11185e-06
-0.13231	0.603479	0.655535	1	-3.10221e-05	-2.51567e-05	2.14699e-05
-0.132292	0.603552	0.651327	1	3.1992e-05	3.79326e-05	1.55098e-05
-0.132306	0.603649	0.646627	1	7.56034e-06	2.55135e-05	3.31527e-05
-0.132322	0.603762	0.641511	1	-1.82298e-05	-1.23238e-05	3.33909e-05
-0.132296	0.603867	0.635935	1	2.96535e-05	1.75503e-05	1.50324e-05
-0.132309	0.604003	0.629896	1	-2.34673e-05	-1.75386e-05	8.83375e-06
-0.132338	0.604113	0.623539	1	1.88713e-05	1.87932e-05	3.88746e-05
-0.132305	0.604256	0.616736	1	8.92067e-06	1.4811e-05	8.83394e-06
-0.132279	0.60439	0.609843	1	3.66086e-05	4.83802e-05	-3.32502e-06
-0.132312	0.604548	0.602935	1	9.09491e-06	2.93381e-06	-3.32551e-06
-0.132349	0.604694	0.596493	1	-2.28252e-05	-4.79184e-06	8.59506e-06
-0.13233	0.604819	0.590458	1	-5.1891e-05	-5.17204e-05	-3.56387e-06
-0.132318	0.604923	0.584987	1	-1.26975e-05	-1.26896e-05	-1.54848e-05
-0.13232	0.605008	0.57993	1	2.95562e-05	1.73101e-05	2.15781e-06
-0.132329	0.605117	0.575149	1	-2.67346e-05	-3.27176e-05	-9.76259e-06
-0.13231	0.605178	0.570963	1	2.66927e-05	2.64816e-05	-3.80229e-06
-0.132343	0.605263	0.567037	1	3.73515e-05	4.30251e-05	2.00398e-05
-0.132315	0.605352	0.563652	1	-3.06823e-06	-1.51403e-05	-2.19221e-05
-0.132345	0.605394	0.561041	1	1.30016e-05	1.28617e-05	-4.04071e-06
-0.132357	0.605424	0.558741	1	2.85245e-06	8.74076e-06	3.19605e-05
-0.132316	0.605465	0.556752	1	2.17616e-06	1.4029e-05	1.91978e-06
-0.132318	0.605504	0.555096	1	1.79125e-05	2.36893e-05	-4.04061e-06
-0.132328	0.605534	0.553782	1	-4.08442e-06	-4.10672e-06	-1.02396e-05
-0.132325	0.605555	0.553002	1	4.26206e-05	3.02077e-05	-4.04123e-06
-0.132337	0.605569	0.552645	1	2.16375e-05	1.53419e-05	2.15804e-06
-0.132335	0.605572	0.552593	1	-8.65368e-06	-1.47209e-05	-1.62e-05
-0.132312	0.60558	0.5526	1	-4.42359e-06	-1.64823e-05	-2.19221e-05
-0.132333	0.605569	0.55261	1	8.09943e-06	1.39463e-05	-4.04066e-06
-0.132322	0.605564	0.552636	1	2.97599e-05	3.5444e-05	-1.59615e-05
-0.132344	0.605576	0.552599	1	8.26867e-06	1.41142e-05	2.15822e-06
-0.132344	0.605574	0.552583	1	-1.25458e-05	-6.54349e-06	-4.04079e-06
-0.132296	0.605577	0.552607	1	8.43762e-06	2.24204e-06	-4.62409e-05
-0.132347	0.605581	0.552567	1	-3.40369e-05	-3.99135e-05	-1.0001e-05
-0.132311	0.605486	0.552469	1	-8.88422e-05	-8.23116e-05	-6.43611e-05
-0.132335	0.605214	0.552575	1	-1.65939e-05	-4.62697e-06	-1.59618e-05
-0.132323	0.605024	0.552625	1	1.77247e-05	2.35401e-05	-3.32535e-06
-0.132331	0.604897	0.552602	1	8.21609e-07	6.72582e-06	-1.54848e-05
-0.132332	0.604784	0.552601	1	-8.13198e-06	-2.19082e-06	-1.57233e-05
-0.13232	0.604682	0.552618	1	1.31506e-05	1.305e-05	-2.16837e-05
-0.132357	0.6046	0.552591	1	-1.1844e-05	-1.18572e-05	1.47944e-05
-0.132354	0.604538	0.552592	1	-7.45232e-06	-1.52191e-06	2.63496e-06
-0.132329	0.604476	0.552595	1	-3.3999e-06	-1.54828e-05	-9.28588e-06
-0.132339	0.604418	0.552627	1	1.80384e-05	1.18606e-05	2.87332e-06
-0.132341	0.604376	0.552597	1	-2.72415e-06	9.15112e-06	1.47943e-05
-0.132309	0.60434	0.552612	1	9.59682e-06	1.54838e-05	-2.71673e-05
-0.132319	0.604299	0.552618	1	5.20824e-06	1.11057e-05	-1.52464e-05
-0.13235	0.604273	0.552601	1	1.49541e-06	-4.63946e-06	8.59546e-06
-0.132324	0.604241	0.552614	1	9.42602e-06	2.12778e-05	-9.04739e-06
-0.13233	0.604224	0.552607	1	9.89043e-07	9.35005e-07	2.63501e-06
-0.132354	0.604203	0.552591	1	-3.06032e-06	-3.10782e-06	1.45559e-05
-0.132327	0.604176	0.552616	1	9.76198e-06	2.16163e-05	-1.52463e-05
-0.132307	0.604148	0.552613	1	5.37532e-06	5.31527e-06	-9.28592e-06
-0.132347	0.604149	0.552607	1	8.20052e-07	6.72716e-06	2.09932e-05
-0.132357	0.604149	0.552584	1	-1.13262e-05	5.57302e-07	8.83376e-06
-0.132367	0.604126	0.552578	1	-1.11567e-05	-1.72754e-05	2.07549e-05
-0.132336	0.60411	0.552601	1	-2.89104e-06	-9.01959e-06	2.87344e-06
-0.132329	0.604072	0.552622	1	1.85314e-05	1.84589e-05	8.83389e-06
-0.132349	0.604074	0.552611	1	5.71155e-06	1.16137e-05	2.07549e-05
-0.132331	0.604073	0.552619	1	5.37421e-06	1.12769e-05	-9.04747e-06
-0.132322	0.60407	0.552618	1	1.85307e-05	1.23797e-05	-9.04762e-06
-0.132329	0.604068	0.55263	1	1.8362e-05	1.8291e-05	-3.08704e-06
-0.132343	0.60406	0.552612	1	9.59057e-06	1.54899e-05	-3.08698e-06
-0.132336	0.604053	0.552611	1	9.92792e-06	2.17874e-05	-3.08692e-06
-0.132324	0.604041	0.552608	1	1.32597e-06	1.27243e-06	-2.84862e-06
-0.132342	0.604022	0.552629	1	9.92747e-06	9.86685e-06	1.50328e-05
-0.132355	0.604004	0.552634	1	2.24069e-05	2.23383e-05	2.09932e-05
-0.132352	0.604001	0.552618	1	1.00957e-05	3.95623e-06	2.07548e-05
-0.13235	0.604016	0.552592	1	-1.5202e-05	-9.28233e-06	8.8338e-06
-0.132316	0.604031	0.552605	1	5.54226e-06	5.48551e-06	-2.71673e-05
-0.132343	0.604013	0.552591	1	-1.55392e-05	-9.61947e-06	2.87334e-06
-0.132339	0.604009	0.552624	1	1.85281e-05	1.23824e-05	2.87331e-06
-0.132339	0.60401	0.552608	1	6.04803e-06	1.19517e-05	2.87346e-06
-0.132753	0.604087	0.552466	1	-9.13456e-05	-0.000103543	-9.22545e-05
-0.134088	0.604258	0.55252	1	-4.57427e-05	-5.21472e-05	-2.02529e-05
-0.135737	0.604449	0.552611	1	1.2375e-05	1.24764e-05	-2.54984e-05
-0.137414	0.604681	0.552569	1	-5.20139e-06	-2.33509e-05	-4.21876e-05
-0.138976	0.604896	0.552535	1	-2.25033e-05	-2.91909e-05	-4.12339e-05
-0.140768	0.605123	0.552564	1	1.46996e-06	-1.05752e-05	-2.14453e-05
-0.142614	0.605335	0.552555	1	1.32065e-05	7.58405e-06	1.26485e-05
-0.143894	0.605487	0.55255	1	1.71331e-05	1.17466e-05	1.50327e-05
-0.144067	0.605543	0.552567	1	3.7244e-05	4.48014e-05	-4.98169e-05
-0.144129	0.605553	0.552504	1	-1.6677e-05	-1.74687e-05	-3.16973e-05
-0.14416	0.605551	0.552513	1	-8.59741e-06	2.89041e-06	-1.65663e-06
-0.144168	0.605531	0.552525	1	-2.35285e-08	1.7925e-05	1.02644e-05
-0.144156	0.605561	0.55253	1	3.60421e-06	3.71289e-06	-7.85541e-06
-0.144176	0.605548	0.552511	1	-1.28844e-05	-7.54765e-06	1.05027e-05
-0.144159	0.605562	0.552496	1	-1.71713e-05	-6.06447e-06	-1.38161e-05
-0.144142	0.605554	0.552523	1	-2.33519e-08	-7.56491e-08	-1.97763e-05
-0.14416	0.605559	0.552508	1	-1.2225e-05	-6.85858e-06	-7.61706e-06
-0.144214	0.605487	0.552526	1	-8.59515e-06	2.88824e-06	-1.41821e-06
-0.144166	0.60528	0.552532	1	8.38062e-06	8.71201e-06	5.01919e-06
-0.144134	0.605168	0.552544	1	-3.64752e-06	2.09317e-06	-2.45447e-05
-0.144134	0.605076	0.552526	1	4.09442e-06	1.01944e-05	-3.64656e-05
-0.144147	0.605	0.55253	1	3.05854e-07	-1.1771e-05	-1.21469e-05
-0.144166	0.604921	0.552518	1	-7.76178e-06	-8.18021e-06	5.97287e-06
-0.144144	0.604869	0.552516	1	-1.61568e-05	-1.69764e-05	-1.76306e-05
-0.144164	0.60481	0.552534	1	7.99681e-07	7.86734e-07	6.44971e-06
-0.144161	0.604751	0.552548	1	2.08786e-05	2.77922e-05	7.27783e-07
-0.144155	0.604711	0.552522	1	4.58452e-06	4.75475e-06	-5.47122e-06
-0.144157	0.604679	0.552542	1	8.36917e-06	2.64331e-06	6.68807e-06
-0.144156	0.604656	0.55253	1	4.91316e-06	5.10025e-06	6.68812e-06
-0.144165	0.604618	0.552523	1	-7.42749e-06	-1.8797e-06	1.2887e-05
-0.14416	0.604593	0.552564	1	2.97568e-05	1.31553e-05	1.88469e-05
-0.144143	0.604584	0.55251	1	-1.63103e-05	-1.11989e-05	-2.31143e-05
-0.144149	0.604555	0.552525	1	3.05678e-07	-5.81019e-06	9.66076e-07
-0.144156	0.604521	0.552535	1	7.99479e-07	-1.12529e-05	2.50463e-05
-0.144148	0.604525	0.552569	1	2.92588e-05	1.86021e-05	1.31251e-05
-0.144159	0.604512	0.552562	1	1.7413e-05	2.41786e-05	7.16506e-06
-0.144176	0.604524	0.552501	1	-1.61436e-05	-1.6989e-05	7.16496e-06
-0.144163	0.604503	0.552525	1	-7.58976e-06	-1.40945e-05	1.20454e-06
-0.144156	0.604486	0.552472	1	-3.63741e-05	-2.6298e-05	1.20407e-06
-0.144175	0.604464	0.552513	1	-7.26003e-06	-1.97102e-05	2.52849e-05
-0.144162	0.604455	0.552538	1	9.02271e-06	1.53779e-05	1.90859e-05
-0.144165	0.604443	0.552549	1	2.15224e-05	2.84959e-05	2.52849e-05
-0.144137	0.604445	0.552549	1	2.1522e-05	2.84966e-05	-1.69152e-05
-0.144162	0.60445	0.552524	1	-7.58899e-06	-2.05511e-06	7.40334e-06
-0.144164	0.604438	0.552541	1	8.85777e-06	1.52057e-05	1.33639e-05
-0.144164	0.604438	0.55255	1	1.741e-05	2.41815e-05	1.33639e-05
-0.144159	0.604443	0.552526	1	4.91052e-06	-9.76938e-07	-4.756e-06
-0.144145	0.60443	0.552557	1	1.70809e-05	3.58767e-05	-4.75566e-06
-0.144155	0.604424	0.552511	1	-1.13707e-05	-1.80663e-05	-1.66768e-05
-0.144163	0.604425	0.552515	1	-1.13708e-05	-1.80662e-05	-4.51748e-06
-0.144173	0.604418	0.552536	1	-3.80573e-06	-1.01256e-05	7.4034e-06
-0.144137	0.604406	0.552698	1	-4.52492e-05	-6.55464e-05	-4.75515e-06
-0.144161	0.604416	0.553527	1	5.07507e-06	-8.04266e-07	1.93243e-05
-0.144176	0.604425	0.554701	1	9.51529e-06	9.93612e-06	1.93243e-05
-0.144177	0.60444	0.556243	1	1.06664e-05	5.06483e-06	1.44285e-06
-0.144183	0.604474	0.558089	1	-2.14043e-05	-2.25147e-05	1.2045e-06
-0.144151	0.604492	0.560269	1	1.41148e-07	-1.19432e-05	1.20449e-06
-0.144182	0.604514	0.56278	1	1.77417e-05	5.63273e-07	1.31251e-05
-0.144185	0.604553	0.565968	1	3.26652e-06	3.37604e-06	-1.09549e-05
-0.144183	0.60459	0.569767	1	4.70235e-07	-5.63763e-06	6.68812e-06
-0.144179	0.604634	0.57385	1	-5.61712e-06	-5.94257e-06	-2.31142e-05
-0.14422	0.604658	0.578424	1	6.88751e-06	1.09139e-06	3.67288e-05
-0.144215	0.604713	0.583382	1	6.39419e-06	-5.38712e-06	6.68805e-06
-0.144229	0.60476	0.588809	1	2.21936e-05	2.32134e-05	2.45695e-05
-0.14424	0.604846	0.59463	1	-3.55743e-05	-4.34141e-05	-5.70942e-06
-0.144256	0.604892	0.601063	1	1.75902e-05	-5.58192e-06	1.81318e-05
-0.14427	0.604958	0.607791	1	-4.30355e-06	-1.06392e-05	1.24102e-05
-0.14428	0.605018	0.614756	1	6.89143e-06	3.11278e-05	1.7894e-05
-0.144258	0.605087	0.621393	1	5.57515e-06	-6.25359e-06	-1.81075e-05
-0.144298	0.605141	0.627621	1	-1.03988e-05	-1.09366e-05	2.38543e-05
-0.144311	0.605215	0.633475	1	-2.65408e-05	-2.18688e-05	-4.6459e-07
-0.144332	0.605273	0.638945	1	-4.61458e-05	-4.83379e-05	1.16949e-05
-0.144317	0.605313	0.644059	1	-8.42507e-06	-1.49451e-05	-7.028e-07
-0.144297	0.60536	0.648711	1	4.09528e-06	-1.84691e-06	-3.05052e-05
-0.14431	0.60539	0.652922	1	-2.17725e-05	-2.28224e-05	-1.28622e-05
-0.144336	0.605415	0.656679	1	1.10168e-05	1.14693e-05	1.69401e-05
-0.144339	0.605459	0.660018	1	-5.1785e-07	1.13284e-05	1.09797e-05
-0.144305	0.605484	0.662816	1	-7.27438e-06	-1.69604e-06	-2.50216e-05
-0.144336	0.605505	0.665146	1	-1.05711e-05	-1.71814e-05	1.09797e-05
-0.144361	0.605512	0.667316	1	3.10827e-06	-8.84239e-06	2.29005e-05
-0.144351	0.605542	0.669198	1	-8.47127e-07	-3.09778e-05	1.07413e-05
-0.144319	0.605568	0.670729	1	-2.30997e-05	-3.02721e-05	-1.35773e-05
-0.144333	0.605573	0.671861	1	-5.29784e-06	3.72384e-07	-7.3786e-06
-0.144327	0.605595	0.672319	1	-6.26591e-05	-5.95746e-05	-3.12208e-05
-0.14434	0.605559	0.672444	1	4.4269e-06	4.5756e-06	-1.17969e-06
-0.144346	0.605579	0.672426	1	-8.09984e-06	-2.55619e-06	-7.37862e-06
-0.144333	0.60556	0.672446	1	1.41429e-07	1.20175e-05	4.54236e-06
-0.144335	0.605571	0.672447	1	8.21819e-06	2.04584e-05	-1.41801e-06
-0.14432	0.605566	0.672445	1	1.25034e-05	6.93685e-06	-1.92996e-05
-0.144306	0.605567	0.672453	1	1.25038e-05	1.30163e-05	-2.526e-05
-0.144327	0.605567	0.672449	1	1.25036e-05	6.9367e-06	-7.37865e-06
-0.14433	0.605561	0.672449	1	1.28333e-05	1.3361e-05	-1.41811e-06
-0.144327	0.605564	0.672441	1	8.21816e-06	2.4578e-06	-1.41816e-06
-0.14429	0.605224	0.672547	1	6.19088e-05	6.47372e-05	-6.66332e-06
-0.144339	0.604862	0.672462	1	2.94332e-05	4.88058e-05	6.45023e-06
-0.144312	0.604557	0.672468	1	2.51363e-05	2.63372e-05	-2.83594e-05
-0.144298	0.60433	0.672436	1	4.69309e-07	-1.15976e-05	-3.40815e-05
-0.144327	0.604134	0.672433	1	4.74083e-06	4.93513e-06	-9.28592e-06
-0.144316	0.603995	0.672432	1	3.05359e-07	1.2191e-05	-2.09684e-05
-0.144325	0.603856	0.672441	1	4.24529e-06	1.03798e-05	-8.33222e-06
-0.144322	0.60375	0.672465	1	2.49255e-05	2.62087e-05	-8.57067e-06
-0.144339	0.603663	0.672419	1	-7.24383e-06	-7.68574e-06	3.8271e-06
-0.144315	0.603597	0.67241	1	-1.18367e-05	-1.25304e-05	-2.57368e-05
-0.144357	0.603533	0.672426	1	4.57015e-06	-1.31116e-06	1.62248e-05
-0.144335	0.603464	0.672442	1	1.27712e-05	7.34051e-06	1.64632e-05
-0.144335	0.603438	0.672434	1	4.89716e-06	5.11547e-06	4.54236e-06
-0.144331	0.603402	0.672427	1	-3.46742e-06	-9.78935e-06	4.54238e-06
-0.144329	0.603374	0.672399	1	-2.00302e-05	-2.7269e-05	-7.14003e-06
-0.144339	0.603333	0.67244	1	4.4042e-06	-1.48237e-06	1.69401e-05
-0.144341	0.603325	0.672408	1	-1.60926e-05	9.63071e-07	4.78049e-06
-0.144324	0.603282	0.672439	1	1.68646e-05	1.1673e-05	4.78067e-06
-0.144315	0.603255	0.672454	1	1.73555e-05	6.23272e-06	-9.41481e-07
-0.144318	0.603246	0.672456	1	1.66998e-05	1.15008e-05	1.09796e-05
-0.144334	0.603252	0.672432	1	-3.63008e-06	1.41166e-05	-9.41335e-07
-0.144311	0.603242	0.672433	1	8.50148e-06	8.92612e-06	-2.50215e-05
-0.144353	0.603247	0.672411	1	-7.56455e-06	-8.03875e-06	1.09797e-05
-0.144323	0.603239	0.672423	1	7.96394e-07	6.75036e-06	-6.90173e-06
-0.14431	0.603238	0.672439	1	-3.30215e-06	-3.53785e-06	-1.90611e-05
-0.144355	0.603224	0.672414	1	-1.19904e-05	-1.27132e-05	1.71785e-05
-0.144346	0.603214	0.672369	1	-3.69064e-05	-5.10688e-05	-9.40825e-07
-0.144345	0.603215	0.672371	1	-3.28088e-05	-4.67401e-05	5.25801e-06
-0.144321	0.603196	0.672439	1	1.66972e-05	5.54272e-06	-7.03054e-07
-0.144358	0.603169	0.672459	1	2.16129e-05	2.87388e-05	2.33776e-05
-0.144304	0.603131	0.672507	1	5.42318e-05	3.92319e-05	1.12171e-05
-0.144711	0.60318	0.672545	1	8.35183e-05	7.62352e-05	7.22522e-05
-0.146012	0.603426	0.672577	1	7.41752e-05	8.46937e-05	9.22808e-05
-0.147833	0.603825	0.672552	1	5.38995e-05	7.55448e-05	5.41344e-05
-0.149656	0.604197	0.672559	1	6.15212e-05	6.00061e-05	2.7907e-05
-0.151291	0.604564	0.672486	1	1.38783e-07	1.80999e-05	-1.11933e-05
-0.153142	0.604925	0.672536	1	1.98303e-05	2.74675e-05	2.24239e-05
-0.154911	0.605288	0.672488	1	-2.04598e-05	-2.84975e-05	1.40792e-05
-0.155991	0.605518	0.672494	1	-1.73682e-05	-1.31459e-05	-3.81347e-05
-0.156065	0.605525	0.672545	1	1.57131e-05	2.31561e-05	-5.5539e-05
-0.156144	0.60552	0.672566	1	3.14478e-05	4.04284e-05	1.02646e-05
-0.156131	0.605535	0.672537	1	1.08952e-05	1.19089e-05	-2.00148e-05
-0.156156	0.605531	0.672537	1	1.08951e-05	2.38298e-05	1.02645e-05
-0.156162	0.605539	0.672498	1	-1.7204e-05	-1.29733e-05	4.30384e-06
-0.156168	0.605549	0.672508	1	-5.16139e-06	-1.17953e-05	-1.38158e-05
-0.156155	0.605538	0.672532	1	-5.05007e-07	-1.26445e-05	4.06553e-06
-0.156159	0.605535	0.672541	1	1.53908e-05	2.87649e-05	-1.89476e-06
-0.15615	0.60554	0.672527	1	7.04163e-06	1.36395e-05	-7.85537e-06
-0.15625	0.605418	0.672494	1	-2.12082e-05	-2.94284e-05	1.6225e-05
-0.156153	0.604937	0.672525	1	7.03115e-06	7.68856e-06	-7.85541e-06
-0.156182	0.60461	0.672517	1	-4.34861e-06	-1.0923e-05	1.07413e-05
-0.156131	0.604349	0.672517	1	-4.02577e-06	-4.49241e-06	-3.07436e-05
-0.156153	0.604125	0.672521	1	-5.03448e-07	1.1315e-05	5.25761e-06
-0.156153	0.603934	0.672534	1	3.65544e-06	-8.04914e-06	1.1218e-05
-0.156153	0.603812	0.672527	1	3.65408e-06	-8.04804e-06	-7.02896e-07
-0.156169	0.603703	0.672513	1	-1.18517e-05	-2.52063e-05	1.16951e-05
-0.156147	0.603601	0.672531	1	4.1315e-06	-7.5155e-06	-6.18653e-06
-0.156136	0.603502	0.672556	1	2.42625e-05	3.87432e-05	1.14568e-05
-0.15615	0.603477	0.672502	1	-1.58393e-05	-2.36761e-05	-4.64336e-07
-0.156109	0.603407	0.672537	1	1.59501e-05	2.35848e-05	-3.02667e-05
-0.156156	0.603364	0.672518	1	-1.83128e-07	5.70779e-06	1.16949e-05
-0.156157	0.603314	0.672547	1	1.99384e-05	4.00539e-05	1.78942e-05
-0.156145	0.603294	0.672541	1	8.1208e-06	2.87369e-06	5.97282e-06
-0.156152	0.603267	0.672523	1	7.80097e-06	8.59966e-06	1.78938e-05
-0.156146	0.60326	0.672508	1	-7.8473e-06	-2.07914e-05	1.24984e-08
-0.156137	0.603252	0.672538	1	4.12788e-06	-7.51229e-06	-1.2147e-05
-0.156144	0.603246	0.672497	1	-1.59899e-05	-1.77817e-05	-6.18648e-06
-0.156154	0.603229	0.672516	1	-4.17444e-06	-4.67941e-06	1.24043e-08
-0.156106	0.603197	0.672533	1	1.21106e-05	7.30179e-06	-1.19086e-05
-0.156099	0.603173	0.672576	1	2.80754e-05	2.50094e-05	-5.94823e-06
-0.15612	0.603189	0.672551	1	1.97732e-05	2.78421e-05	-1.19084e-05
-0.156196	0.603229	0.672445	1	-4.83963e-05	-6.57701e-05	1.19339e-05
-0.156182	0.603215	0.672493	1	-1.18367e-05	-1.92595e-05	-5.94799e-06
-0.156125	0.603168	0.672562	1	2.75955e-05	2.44791e-05	5.9727e-06
-0.156135	0.603153	0.672563	1	3.20639e-05	4.14788e-05	1.19335e-05
-0.156144	0.60317	0.672528	1	7.63942e-06	-3.61578e-06	5.97278e-06
-0.156141	0.603175	0.672534	1	8.11833e-06	8.95556e-06	1.24037e-08
-0.156138	0.603184	0.672519	1	4.12753e-06	2.25291e-05	-1.19084e-05
-0.156163	0.603177	0.672518	1	3.80823e-06	-1.90539e-06	2.40927e-05
-0.156149	0.603174	0.672527	1	4.28703e-06	-1.3295e-05	5.97279e-06
-0.156163	0.603172	0.672522	1	3.64868e-06	-8.04289e-06	2.38542e-05
-0.156161	0.603175	0.672382	1	-1.64664e-05	-2.43946e-05	2.40928e-05
-0.15612	0.60317	0.671759	1	1.0513e-05	-6.38899e-06	-5.94825e-06
-0.156188	0.603213	0.670644	1	9.3464e-07	-5.09286e-06	1.81322e-05
-0.156228	0.603207	0.669132	1	1.57856e-05	-5.47257e-07	0.000113738
-0.156156	0.603251	0.667258	1	2.28109e-05	1.91626e-05	3.57751e-05
-0.156168	0.603306	0.665018	1	2.1854e-05	1.21388e-05	1.19331e-05
-0.156171	0.603356	0.662507	1	3.67101e-05	4.06388e-05	2.38543e-05
-0.156184	0.603424	0.659192	1	2.72912e-05	3.61514e-05	2.98149e-05
-0.156213	0.603524	0.655221	1	-6.73346e-06	-7.50842e-06	2.95763e-05
-0.156189	0.603586	0.650955	1	3.41731e-05	3.17105e-05	2.38541e-05
-0.156215	0.603713	0.646121	1	-1.76046e-05	-3.75364e-05	1.16952e-05
-0.156197	0.603798	0.640972	1	3.69072e-05	2.87421e-05	1.16945e-05
-0.156232	0.603928	0.635392	1	-1.56946e-05	-2.94458e-05	1.74171e-05
-0.156205	0.604024	0.629516	1	2.22099e-05	3.04603e-05	-6.66318e-06
-0.156242	0.604166	0.623143	1	-2.75435e-05	-3.65575e-05	1.09798e-05
-0.156234	0.604288	0.616487	1	3.40668e-05	3.75646e-05	-9.41272e-07
-0.156252	0.604411	0.609385	1	9.74294e-06	-1.33899e-06	2.29005e-05
-0.15624	0.604564	0.602602	1	3.96936e-05	3.76471e-05	-1.31009e-05
-0.156307	0.604711	0.596129	1	-1.84456e-05	-2.64622e-05	1.69402e-05
-0.1563	0.604803	0.590175	1	2.14484e-05	1.75016e-05	2.2662e-05
-0.156284	0.604929	0.584616	1	2.54117e-06	8.70889e-06	-7.14014e-06
-0.156293	0.60503	0.57949	1	3.82427e-06	-7.88053e-06	-1.41815e-06
-0.156308	0.605116	0.574823	1	7.19238e-06	1.78454e-06	4.54231e-06
-0.156295	0.605217	0.570616	1	3.15728e-05	4.06372e-05	-1.35773e-05
-0.156308	0.605278	0.566708	1	1.28096e-05	1.99955e-05	4.54243e-06
-0.156315	0.605339	0.563273	1	7.51703e-06	8.21349e-06	4.54236e-06
-0.156308	0.605415	0.56065	1	-2.10917e-06	3.59235e-06	-1.95379e-05
-0.156316	0.605437	0.558458	1	1.73076e-05	1.8968e-05	4.54236e-06
-0.156295	0.605482	0.556549	1	1.21735e-05	1.33245e-05	-2.54984e-05
-0.156323	0.605496	0.554982	1	2.37301e-05	3.19783e-05	1.64634e-05
-0.156314	0.605533	0.553763	1	3.12752e-05	3.43027e-05	-7.61699e-06
-0.156336	0.605538	0.552999	1	4.71655e-05	5.77165e-05	1.02647e-05
-0.156316	0.605559	0.552656	1	3.52904e-05	3.26282e-05	-1.65674e-06
-0.156343	0.605575	0.552615	1	1.13733e-05	6.36125e-06	4.06545e-06
-0.156335	0.605574	0.552595	1	-6.65353e-07	5.17964e-06	-7.85541e-06
-0.156344	0.605573	0.552625	1	1.52258e-05	1.05921e-05	1.02643e-05
-0.156334	0.60557	0.552594	1	-8.69113e-06	-3.63489e-06	-1.895e-06
-0.15635	0.605572	0.552595	1	-6.65523e-07	1.11401e-05	1.02644e-05
-0.156343	0.605578	0.552595	1	-9.86422e-07	4.82707e-06	-1.89495e-06
-0.156337	0.605564	0.552611	1	7.19979e-06	1.7778e-06	4.30389e-06
-0.15632	0.605575	0.552597	1	3.50809e-06	9.76325e-06	-2.57368e-05
-0.156309	0.60558	0.552552	1	-3.72615e-05	-2.90548e-05	-4.38571e-05
-0.156295	0.605534	0.552576	1	-1.27024e-05	-1.40041e-05	-5.53007e-05
-0.15634	0.605506	0.552549	1	-3.30814e-05	-1.24372e-05	-2.54992e-05
-0.156309	0.605481	0.552613	1	7.51891e-06	2.13192e-06	-3.14589e-05
-0.156287	0.605455	0.552608	1	-4.67692e-06	-5.18932e-06	-5.12476e-05
-0.156369	0.605423	0.552601	1	-6.65081e-07	-6.86073e-06	1.05028e-05
-0.156394	0.605424	0.552572	1	-2.12023e-05	-4.13541e-05	4.03055e-05
-0.156366	0.605425	0.552575	1	-2.90651e-05	-2.60343e-05	1.05027e-05
-0.156344	0.605414	0.552597	1	-4.67647e-06	-5.18973e-06	4.30394e-06
-0.156322	0.605383	0.552629	1	1.95513e-05	2.73997e-05	4.30405e-06
-0.156318	0.605391	0.552625	1	1.90701e-05	3.89108e-05	-7.61665e-06
-0.156345	0.605382	0.55261	1	7.51732e-06	8.21322e-06	4.54236e-06
-0.156326	0.605388	0.552623	1	-6.65107e-07	-7.81089e-07	-1.95379e-05
-0.156361	0.605383	0.552599	1	-4.51557e-06	-5.01379e-06	1.07412e-05
-0.156365	0.605362	0.552611	1	3.34577e-06	-2.45159e-06	1.64633e-05
-0.15635	0.605362	0.552546	1	-3.32328e-05	-4.2663e-05	1.0503e-05
-0.156366	0.605354	0.552559	1	-2.47292e-05	-3.33162e-05	2.24239e-05
-0.156357	0.605355	0.552561	1	-3.70814e-05	-6.47788e-05	4.30483e-06
-0.156373	0.605347	0.552648	1	3.15795e-05	4.06309e-05	1.62251e-05
-0.156294	0.605348	0.552644	1	1.9227e-05	2.10896e-05	-6.26917e-05
-0.156344	0.605349	0.552523	1	-4.09322e-05	-5.70903e-05	4.54285e-06
-0.156336	0.605338	0.552573	1	-1.25367e-05	-1.38325e-05	1.05028e-05
-0.156324	0.605329	0.552598	1	3.18513e-06	9.41236e-06	-1.35774e-05
-0.156335	0.60534	0.552594	1	-1.26971e-05	-2.00886e-05	4.54243e-06
-0.156351	0.605331	0.552568	1	-2.10363e-05	-2.92628e-05	-3.69423e-05
-0.157019	0.605291	0.552703	1	6.29247e-05	3.92885e-05	2.31371e-05
-0.158396	0.605393	0.552567	1	-1.75918e-05	-3.15877e-05	1.26162e-08
-0.160089	0.605414	0.552561	1	-9.41148e-06	-2.25913e-05	-4.99427e-06
-0.161733	0.605435	0.552572	1	5.84274e-06	-5.52745e-06	-9.76283e-06
-0.163238	0.60548	0.552546	1	-5.71269e-06	-1.85425e-05	-1.45311e-05
-0.164961	0.605524	0.552533	1	-6.16364e-06	-1.09764e-06	-1.35775e-05
-0.166661	0.60553	0.552522	1	-9.74843e-06	-1.1208e-05	-6.66332e-06
-0.167872	0.60555	0.552542	1	9.67622e-06	2.29998e-05	1.25195e-08
-0.168065	0.605581	0.552516	1	-6.43365e-06	-1.49461e-06	-7.74737e-05
-0.168176	0.605566	0.552518	1	-6.43344e-06	-1.35354e-05	-5.47118e-06
-0.168168	0.605567	0.552546	1	1.31099e-05	3.00389e-06	4.89082e-07
-0.168176	0.605574	0.552517	1	-1.00296e-05	-1.76751e-05	4.89302e-07
-0.168161	0.60558	0.552523	1	-6.27745e-06	-1.31485e-06	-5.70968e-06
-0.168198	0.605557	0.552544	1	1.71741e-05	3.77248e-05	3.02919e-05
-0.16819	0.605573	0.552535	1	1.3735e-05	1.57643e-05	6.44971e-06
-0.168198	0.605562	0.552538	1	5.44888e-06	-5.81576e-06	1.83706e-05
-0.168165	0.605565	0.552524	1	-2.52506e-06	-2.09563e-05	-1.14316e-05
-0.168203	0.605575	0.552529	1	1.85298e-06	-3.99538e-06	2.43311e-05
-0.168235	0.605604	0.552517	1	-6.43411e-06	-7.45508e-06	5.41334e-05
-0.168176	0.605636	0.552515	1	-6.12177e-06	-1.13428e-06	-5.70968e-06
-0.168187	0.605659	0.552522	1	-1.05007e-05	-6.17318e-06	4.89179e-07
-0.168218	0.605665	0.552525	1	1.38464e-06	-1.04961e-05	4.22125e-05
-0.168173	0.605674	0.552534	1	1.38416e-06	7.50445e-06	2.50831e-07
-0.168202	0.605702	0.55251	1	-1.45679e-05	-1.08513e-05	6.2112e-06
-0.168185	0.605706	0.552534	1	5.45067e-06	1.2183e-05	1.21718e-05
-0.168176	0.605722	0.552524	1	-1.3787e-05	-1.5911e-05	-5.70964e-06
-0.168168	0.605718	0.552526	1	-1.03461e-05	-1.80319e-05	-1.167e-05
-0.168168	0.605712	0.552526	1	-2.05663e-06	9.50598e-06	2.50799e-07
-0.168189	0.605714	0.552532	1	1.5406e-06	7.68424e-06	2.40927e-05
-0.168179	0.605721	0.552536	1	1.35845e-05	9.49961e-06	1.21717e-05
-0.168178	0.605737	0.552529	1	1.22796e-06	1.36386e-06	2.50823e-07
-0.168158	0.605734	0.552523	1	-9.87753e-06	-5.45124e-06	-5.7097e-06
-0.168158	0.605739	0.552525	1	1.6973e-06	7.8641e-06	-5.94805e-06
-0.168178	0.60574	0.552523	1	-1.03466e-05	-2.99524e-05	-5.70946e-06
-0.168189	0.605738	0.552521	1	-6.2802e-06	4.64778e-06	1.83706e-05
-0.168171	0.605731	0.552548	1	2.09365e-05	2.99963e-05	1.24103e-05
-0.168148	0.605742	0.552523	1	-2.36973e-06	-8.85436e-06	-1.7869e-05
-0.168225	0.6058	0.552782	1	-2.69273e-05	-4.90253e-05	-1.1908e-05
-0.168174	0.605742	0.553639	1	3.25117e-05	3.12712e-05	6.44951e-06
-0.16816	0.605735	0.554834	1	2.06234e-05	-6.36468e-06	-5.71026e-06
-0.168184	0.605723	0.556441	1	2.90686e-05	3.35331e-06	6.21041e-06
-0.168177	0.60573	0.558348	1	-5.81042e-06	-3.06944e-05	1.21719e-05
-0.168172	0.605721	0.560576	1	-6.49322e-07	-3.08362e-05	-1.16701e-05
-0.16819	0.605728	0.563129	1	2.47929e-06	-1.51971e-05	6.44966e-06
-0.168214	0.60573	0.566324	1	2.63557e-06	-3.09619e-06	1.24102e-05
-0.168234	0.605707	0.570282	1	2.1662e-06	-3.63587e-06	1.83706e-05
-0.168225	0.605713	0.57457	1	1.29568e-05	-3.13937e-06	2.50588e-07
-0.168218	0.605702	0.579234	1	2.79159e-06	-1.48369e-05	2.50771e-07
-0.16822	0.605695	0.584513	1	1.15495e-05	7.16182e-06	1.81321e-05
-0.168216	0.605684	0.590179	1	4.09478e-05	4.09968e-05	2.50571e-07
-0.168258	0.60571	0.596141	1	-3.53639e-05	-5.27899e-05	2.5125e-07
-0.168247	0.605679	0.602662	1	8.42039e-06	-8.35727e-06	2.5067e-07
-0.168268	0.605667	0.609608	1	5.76186e-06	5.04288e-07	6.44967e-06
-0.16828	0.60567	0.616548	1	-1.67524e-05	-1.93355e-05	-1.16701e-05
-0.168262	0.605638	0.623312	1	-3.30657e-06	-1.58958e-05	2.50862e-07
-0.16829	0.605643	0.629616	1	-1.29992e-05	-2.70565e-05	-5.47107e-06
-0.168306	0.605622	0.635656	1	-7.52688e-06	-2.07565e-05	1.24103e-05
-0.168315	0.60563	0.64122	1	-3.23828e-05	-5.53393e-05	1.24108e-05
-0.168306	0.605625	0.646357	1	-6.48629e-07	-7.95735e-07	-5.70964e-06
-0.168324	0.605616	0.651157	1	-1.04964e-05	-2.41775e-05	4.89368e-07
-0.168364	0.605612	0.655355	1	-4.01943e-05	-4.63438e-05	2.40927e-05
-0.16833	0.605594	0.659324	1	5.29096e-06	-5.99459e-06	2.50758e-07
-0.168328	0.605601	0.662454	1	-1.31529e-05	-1.51986e-05	-5.70964e-06
-0.168341	0.605579	0.66503	1	-1.14328e-05	-2.52589e-05	6.44984e-06
-0.168329	0.60558	0.667243	1	-3.8472e-05	-4.4366e-05	-5.47122e-06
-0.16836	0.605574	0.669223	1	-2.25294e-05	-2.00418e-05	1.83705e-05
-0.168342	0.605584	0.67078	1	-1.34647e-05	-9.59889e-06	4.89162e-07
-0.168355	0.605564	0.6719	1	1.8888e-05	3.70951e-06	1.83703e-05
-0.16836	0.605586	0.672336	1	-5.09742e-05	-7.08107e-05	6.45032e-06
-0.16833	0.605576	0.672425	1	-7.83804e-06	-1.51575e-05	-5.47118e-06
-0.168366	0.605566	0.672422	1	-1.9715e-05	-2.88419e-05	1.24103e-05
-0.168339	0.605557	0.672451	1	1.5449e-05	2.37097e-05	6.4498e-06
-0.168345	0.605565	0.672448	1	8.10352e-06	1.52474e-05	2.50871e-07
-0.168358	0.605569	0.672442	1	1.20112e-05	1.37878e-05	2.43311e-05
-0.168329	0.605562	0.672452	1	1.59179e-05	2.425e-05	-1.14316e-05
-0.168311	0.605569	0.67244	1	-3.93045e-06	1.38364e-06	-2.35911e-05
-0.16837	0.605557	0.672448	1	8.41686e-06	-8.35363e-06	3.64903e-05
-0.168318	0.605572	0.672427	1	-3.46196e-06	-1.60768e-05	-1.73921e-05
-0.16833	0.605243	0.67257	1	8.22765e-05	8.87857e-05	1.26481e-05
-0.168332	0.604921	0.672462	1	1.97925e-05	3.47399e-05	-4.99415e-06
-0.168348	0.604638	0.67242	1	-3.29734e-06	2.09687e-06	-1.09549e-05
-0.168324	0.604392	0.672421	1	-3.29543e-06	2.09522e-06	-1.07165e-05
-0.16832	0.604201	0.67244	1	1.24356e-05	1.43664e-05	-2.23989e-05
-0.168322	0.604037	0.672434	1	4.64683e-06	-7.3795e-07	-1.00012e-05
-0.16833	0.60392	0.672434	1	4.95679e-06	-3.75538e-07	1.6813e-06
-0.168328	0.603828	0.672416	1	-7.02474e-06	-1.42849e-05	-2.19221e-05
-0.168327	0.60374	0.672432	1	-2.82315e-06	2.63245e-06	-1.59617e-05
-0.168339	0.603672	0.672425	1	1.06545e-06	-4.8904e-06	1.38407e-05
-0.168327	0.603603	0.672447	1	1.30388e-05	1.51055e-05	2.15817e-06
-0.168345	0.603559	0.672419	1	-2.82193e-06	-9.40874e-06	1.38407e-05
-0.168341	0.603519	0.672437	1	5.10691e-06	1.185e-05	1.91978e-06
-0.168356	0.603505	0.672389	1	-3.43793e-05	-2.81043e-05	1.40787e-05
-0.168331	0.603458	0.672427	1	9.09336e-07	6.96951e-06	-9.76275e-06
-0.168329	0.603427	0.672426	1	-2.66552e-06	-3.14919e-06	-1.59616e-05
-0.168332	0.603408	0.672419	1	-2.51006e-06	-9.04813e-06	-4.0407e-06
-0.168331	0.603372	0.672432	1	-2.97614e-06	-3.51098e-06	1.40791e-05
-0.16832	0.603366	0.672443	1	1.21985e-06	-1.06693e-05	-3.80231e-06
-0.168332	0.603374	0.672406	1	-1.805e-05	-2.10501e-05	-9.76276e-06
-0.168339	0.603342	0.672437	1	1.53057e-06	1.73258e-06	2.15817e-06
-0.168336	0.603307	0.672408	1	-6.70469e-06	-1.39311e-05	1.43176e-05
-0.168319	0.603301	0.67243	1	1.37516e-06	-4.52786e-06	8.11863e-06
-0.168316	0.603312	0.672424	1	5.10427e-06	5.89176e-06	-9.76276e-06
-0.168329	0.603301	0.672426	1	9.08959e-07	6.96984e-06	-9.76275e-06
-0.168324	0.603292	0.672432	1	5.10379e-06	-6.14807e-06	-9.76282e-06
-0.168342	0.603283	0.672441	1	4.94854e-06	-6.32882e-06	8.11858e-06
-0.168317	0.603278	0.672435	1	5.10383e-06	1.18527e-05	-1.57232e-05
-0.168362	0.603268	0.672403	1	-1.83553e-05	-1.5456e-05	8.11853e-06
-0.168378	0.603249	0.67243	1	9.08532e-07	6.96993e-06	4.41198e-05
-0.168352	0.603251	0.672421	1	-6.39286e-06	-7.49071e-06	1.40791e-05
-0.16834	0.603247	0.672413	1	-2.81967e-06	-9.41075e-06	2.15819e-06
-0.168331	0.603264	0.672392	1	-2.61228e-05	-1.85382e-05	-1.5962e-05
-0.168349	0.603247	0.672417	1	-1.08979e-05	-6.77523e-06	8.11857e-06
-0.168325	0.603232	0.672429	1	-2.66425e-06	2.81019e-06	-3.80231e-06
-0.168319	0.60323	0.672429	1	-2.66405e-06	2.81012e-06	-2.16837e-05
-0.168325	0.603224	0.672431	1	1.53021e-06	1.36539e-05	-9.76274e-06
-0.168327	0.603215	0.672427	1	5.25835e-06	-5.96641e-06	2.15811e-06
-0.168349	0.603217	0.672412	1	-6.5475e-06	-1.71172e-06	2.39655e-06
-0.168305	0.603194	0.672463	1	2.43645e-05	3.42815e-05	-1.57231e-05
-0.168281	0.603154	0.672506	1	4.45577e-05	5.7795e-05	2.39685e-06
-0.16828	0.603172	0.672416	1	9.08767e-07	6.97003e-06	-1.57232e-05
-0.168338	0.603223	0.672347	1	-5.36125e-05	-5.65169e-05	-2.76445e-05
-0.168345	0.603215	0.672429	1	-2.50872e-06	-9.04931e-06	-9.52432e-06
-0.168365	0.603201	0.672431	1	-2.66424e-06	2.81e-06	3.21989e-05
-0.168343	0.603196	0.67243	1	4.63657e-06	5.3506e-06	2.39659e-06
-0.168494	0.603147	0.672485	1	3.63094e-05	3.02218e-05	2.64764e-05
-0.169744	0.603451	0.67247	1	9.11846e-06	1.06154e-05	5.01919e-06
-0.171621	0.603826	0.672485	1	1.20252e-05	-9.87026e-06	3.43444e-05
-0.173505	0.60421	0.672497	1	8.44363e-06	-2.1028e-06	-7.37867e-06
-0.175157	0.604543	0.672508	1	1.68628e-05	1.99908e-05	-1.5008e-05
-0.177024	0.604927	0.672496	1	-5.37941e-06	-5.14056e-07	-3.32549e-06
-0.178773	0.605256	0.672549	1	1.41655e-05	1.08833e-05	-4.51764e-06
-0.179946	0.60551	0.672473	1	-2.33194e-05	-2.21853e-05	-3.1459e-05
-0.180068	0.605523	0.672521	1	3.4785e-06	2.21454e-05	-3.64656e-05
-0.180138	0.605532	0.67254	1	1.13928e-05	1.96477e-05	-1.26237e-05
-0.18015	0.605528	0.67253	1	3.32537e-06	9.9219e-06	5.49605e-06
-0.180133	0.605536	0.672521	1	-3.98106e-06	-4.84668e-06	-6.90173e-06
-0.180162	0.605549	0.672505	1	-1.22006e-05	-1.4756e-05	-6.66332e-06
-0.180166	0.605533	0.67251	1	-1.53973e-05	5.35138e-06	1.14561e-05
-0.180146	0.605528	0.672536	1	6.97852e-06	2.28591e-06	-7.02895e-07
-0.180137	0.605542	0.67251	1	-8.09119e-06	-2.18412e-05	-9.41173e-07
-0.180141	0.605532	0.672525	1	-4.28533e-06	7.46684e-07	-6.66334e-06
-0.180237	0.60544	0.672518	1	-8.23939e-06	-2.79881e-05	2.3616e-05
-0.180148	0.604985	0.672534	1	3.32039e-06	3.96558e-06	-1.00012e-05
-0.180168	0.604647	0.672531	1	1.03023e-05	6.34369e-06	3.58862e-06
-0.180158	0.604371	0.672539	1	2.85967e-06	3.41844e-06	4.54236e-06
-0.180138	0.60416	0.672521	1	-5.02782e-06	-1.22265e-05	-2.45447e-05
-0.180153	0.603972	0.672533	1	2.4019e-06	2.08695e-05	-5.7096e-06
-0.180137	0.603828	0.672519	1	-1.53853e-06	-1.91646e-06	7.2766e-07
-0.180139	0.603709	0.67253	1	6.03546e-06	3.12503e-05	-4.5174e-06
-0.180153	0.60362	0.672495	1	-1.31978e-05	-4.17608e-06	7.88006e-06
-0.180157	0.603543	0.672503	1	-9.40963e-06	-5.53462e-06	-3.80235e-06
-0.180155	0.603456	0.672519	1	-5.32094e-06	-1.26027e-05	8.35709e-06
-0.180146	0.603411	0.672524	1	2.09549e-06	1.44244e-05	-3.32543e-06
-0.180155	0.603357	0.672504	1	-1.31884e-05	-1.61046e-05	1.47944e-05
-0.180133	0.603315	0.672534	1	6.33156e-06	1.9584e-05	-2.84854e-06
-0.18015	0.603283	0.672537	1	9.50838e-06	-5.07121e-07	1.52711e-05
-0.180102	0.603245	0.672539	1	1.35915e-05	1.65095e-05	-3.24125e-05
-0.180152	0.60323	0.672511	1	-1.6663e-05	-1.43866e-05	9.31063e-06
-0.180161	0.603215	0.67253	1	9.8086e-06	2.38241e-05	2.17086e-05
-0.180154	0.603196	0.672505	1	-1.28801e-05	-2.18204e-05	1.57481e-05
-0.180124	0.603156	0.672529	1	5.57273e-06	1.27041e-05	3.82713e-06
-0.180118	0.603151	0.672526	1	2.09409e-06	8.46512e-06	-8.09381e-06
-0.180096	0.603147	0.672555	1	2.09994e-05	3.74642e-05	-2.62134e-05
-0.180125	0.603157	0.672507	1	-9.09755e-06	-1.11344e-05	-2.00148e-05
-0.180168	0.603136	0.67251	1	-9.702e-06	-1.1872e-05	2.19469e-05
-0.180153	0.603136	0.672515	1	-1.68097e-05	-2.05351e-05	4.06552e-06
-0.180164	0.603122	0.672534	1	9.65505e-06	1.17209e-05	2.19469e-05
-0.180126	0.603126	0.672514	1	1.64024e-06	7.91235e-06	-2.00147e-05
-0.180126	0.603109	0.672536	1	1.70647e-05	2.67135e-05	-7.85531e-06
-0.180118	0.603127	0.672508	1	-9.70157e-06	-5.91178e-06	-2.59753e-05
-0.180149	0.603104	0.672523	1	9.80579e-06	1.78661e-05	1.0026e-05
-0.180165	0.603104	0.6725	1	-1.34815e-05	-1.6481e-05	1.59864e-05
-0.180153	0.603113	0.672446	1	-4.0398e-05	-6.13316e-05	-1.89446e-06
-0.180132	0.603096	0.672113	1	4.66444e-06	1.15989e-05	1.0026e-05
-0.180144	0.603068	0.671278	1	2.58353e-05	2.53646e-05	4.6027e-05
-0.180178	0.603109	0.66992	1	3.90819e-06	1.06772e-05	3.98283e-05
-0.18016	0.603158	0.668202	1	2.26642e-05	3.35297e-05	5.1511e-05
-0.180163	0.603184	0.666144	1	3.64293e-05	4.43398e-05	3.36294e-05
-0.180164	0.603252	0.66379	1	3.58291e-05	4.9559e-05	1.52714e-05
-0.180184	0.603327	0.660865	1	1.17788e-05	1.4296e-05	3.93515e-05
-0.180188	0.603397	0.65719	1	2.57036e-05	3.12436e-05	3.26757e-05
-0.180207	0.60349	0.653082	1	2.78278e-05	3.38184e-05	2.62384e-05
-0.180209	0.603601	0.648538	1	-1.59207e-05	-1.9414e-05	8.11864e-06
-0.180202	0.603705	0.643656	1	-7.89856e-06	2.27e-06	1.44282e-06
-0.180239	0.603796	0.638258	1	-6.29453e-07	5.14836e-06	3.14837e-05
-0.180209	0.603917	0.632505	1	5.43186e-06	6.55079e-06	6.44971e-06
-0.180238	0.604058	0.626252	1	-1.63946e-05	-1.99503e-05	1.78938e-05
-0.180241	0.604187	0.619726	1	-3.96575e-06	-4.85933e-06	-4.64433e-07
-0.18023	0.604331	0.612705	1	-1.18548e-05	-8.46261e-06	-1.90612e-05
-0.180242	0.604469	0.605744	1	4.45897e-05	7.79503e-05	-7.61592e-06
-0.180275	0.604611	0.599071	1	-1.24709e-05	-9.19086e-06	9.78749e-06
-0.180281	0.604745	0.592876	1	1.03962e-06	1.31319e-05	-2.61019e-06
-0.180299	0.604859	0.587144	1	-3.66896e-06	7.43477e-06	1.45559e-05
-0.180311	0.604976	0.581748	1	-9.13935e-06	-1.10999e-05	2.39659e-06
-0.180341	0.605079	0.576843	1	-1.96276e-05	-2.98534e-05	2.00397e-05
-0.180284	0.605161	0.57241	1	1.18327e-05	-3.74945e-06	-2.81212e-05
-0.180333	0.605252	0.568313	1	-5.80114e-06	4.86668e-06	1.31254e-05
-0.180347	0.605334	0.56461	1	-2.96765e-05	-4.19626e-05	9.6626e-07
-0.180314	0.605379	0.561702	1	-3.97777e-06	1.11109e-06	-5.47125e-06
-0.180312	0.605413	0.559395	1	2.67477e-05	5.02376e-05	-1.14312e-05
-0.180295	0.605452	0.557323	1	1.99055e-05	2.39728e-05	-1.19085e-05
-0.180302	0.605501	0.555549	1	2.10665e-06	2.49425e-06	-2.40679e-05
-0.18035	0.60551	0.554189	1	1.59522e-05	2.51585e-05	3.00532e-05
-0.180329	0.605556	0.5532	1	2.34099e-05	3.41511e-05	1.25428e-08
-0.18036	0.60557	0.552637	1	-1.12834e-05	-1.97378e-05	1.19334e-05
-0.180341	0.605569	0.552615	1	5.85423e-07	-1.73421e-05	5.49602e-06
-0.180326	0.605575	0.552604	1	-3.52336e-06	-1.63373e-05	-1.21469e-05
-0.180338	0.605576	0.552617	1	4.23738e-06	1.1024e-05	-5.94804e-06
-0.180346	0.605564	0.552621	1	1.21501e-05	2.56783e-06	1.16948e-05
-0.180356	0.605575	0.552589	1	-1.50877e-05	-1.22863e-05	5.97278e-06
-0.180353	0.60557	0.552593	1	-7.32731e-06	-8.88583e-06	1.16949e-05
-0.180329	0.605569	0.552612	1	3.93305e-06	1.0657e-05	-5.94804e-06
-0.180337	0.605568	0.552608	1	-3.67533e-06	-4.48075e-06	-2.26014e-07
-0.180322	0.605572	0.552619	1	1.59543e-05	1.31167e-05	-1.2147e-05
-0.180355	0.605577	0.552595	1	-3.52303e-06	-1.63372e-05	2.40927e-05
-0.180341	0.605641	0.552565	1	-1.8135e-05	-2.7994e-05	1.09798e-05
-0.180349	0.60569	0.552614	1	-3.37204e-06	-1.01924e-05	1.12181e-05
-0.180348	0.605728	0.552608	1	4.54349e-06	5.42917e-06	-9.4127e-07
-0.180325	0.60576	0.552615	1	2.81153e-07	2.91298e-07	-7.14015e-06
-0.180333	0.605796	0.552607	1	4.54435e-06	5.42846e-06	-1.31006e-05
-0.180358	0.6058	0.552611	1	4.08762e-06	1.08384e-05	2.26622e-05
-0.180315	0.605817	0.552631	1	7.74234e-06	9.28083e-06	-1.92995e-05
-0.180344	0.605848	0.552606	1	-7.63723e-06	-3.28782e-06	-1.41815e-06
-0.180348	0.605862	0.552576	1	-1.08354e-05	-1.31005e-05	-1.41811e-06
-0.180327	0.605878	0.552571	1	-2.65211e-05	-2.60346e-05	-2.54985e-05
-0.180329	0.605874	0.552611	1	4.69745e-06	-6.42905e-06	-1.35775e-05
-0.180356	0.605877	0.552604	1	-7.02888e-06	-2.55346e-06	1.62248e-05
-0.180356	0.60588	0.552629	1	1.20076e-05	2.03767e-05	1.02645e-05
-0.18031	0.605888	0.552626	1	1.5511e-05	1.25551e-05	-1.9538e-05
-0.180343	0.605885	0.552631	1	8.20075e-06	9.82989e-06	1.05028e-05
-0.18033	0.605896	0.552618	1	8.20041e-06	-1.41312e-05	-1.35777e-05
-0.180333	0.605893	0.552635	1	1.56638e-05	3.68183e-05	1.02647e-05
-0.180323	0.605907	0.552622	1	7.74419e-06	9.2793e-06	-1.35775e-05
-0.180313	0.605917	0.552605	1	-7.33386e-06	9.1205e-06	-1.95381e-05
-0.180338	0.605925	0.552578	1	-2.63731e-05	-1.98873e-05	-1.65684e-06
-0.180344	0.605922	0.552598	1	-7.0293e-06	3.4075e-06	-7.85549e-06
-0.180343	0.605918	0.552584	1	-1.47971e-05	1.32357e-07	-1.65679e-06
-0.18036	0.605927	0.552594	1	-1.49494e-05	-3.60521e-05	1.02647e-05
-0.180337	0.605918	0.552604	1	4.08904e-06	2.28775e-05	-1.89487e-06
-0.18044	0.605963	0.552602	1	-7.63661e-06	-3.28807e-06	-5.57776e-05
-0.181449	0.605912	0.552594	1	-1.41515e-05	-1.71646e-05	-3.93267e-05
-0.183007	0.605852	0.552601	1	-1.99129e-06	-2.47018e-06	2.15817e-06
-0.184742	0.605799	0.552567	1	-1.57039e-05	-3.7284e-05	2.63529e-06
-0.186282	0.605727	0.552576	1	-3.17806e-06	-2.1964e-05	8.35711e-06
-0.187944	0.605709	0.552557	1	-2.11867e-06	-8.7536e-06	-3.08702e-06
-0.189757	0.605662	0.552521	1	-1.28415e-05	-2.21587e-05	1.52713e-05
-0.191313	0.605596	0.552523	1	-7.44829e-06	-3.44141e-06	-2.61024e-06
-0.192072	0.605565	0.55254	1	1.06488e-05	1.32947e-06	-2.31143e-05
-0.192139	0.605583	0.552518	1	-7.73068e-06	-1.58663e-05	-1.71537e-05
-0.192155	0.60558	0.552508	1	-1.86983e-05	-2.36063e-05	-5.2328e-06
-0.192165	0.60558	0.552506	1	-1.51406e-05	-1.91247e-05	-1.14317e-05
-0.192168	0.605572	0.55253	1	-3.28402e-06	-4.18421e-06	1.24102e-05
-0.192163	0.605576	0.552542	1	1.09445e-05	7.66426e-06	6.44964e-06
-0.192167	0.605582	0.552508	1	-1.12875e-05	-1.42688e-05	7.2766e-07
-0.192144	0.605579	0.552536	1	2.73162e-07	6.2583e-06	-1.11933e-05
-0.192167	0.605584	0.552521	1	-3.58048e-06	-1.06373e-05	6.68815e-06
-0.192175	0.605578	0.552485	1	-2.93686e-05	-3.70533e-05	4.89243e-07
-0.192212	0.605599	0.552543	1	7.98085e-06	3.92894e-06	4.29277e-05
-0.192169	0.605694	0.552524	1	4.21462e-07	4.84469e-07	1.78938e-05
-0.192189	0.605734	0.552534	1	8.13179e-06	1.61533e-05	2.38543e-05
-0.192168	0.605782	0.55254	1	7.83642e-06	2.17395e-05	1.1695e-05
-0.192173	0.605816	0.552532	1	1.2498e-07	1.11009e-07	1.7417e-05
-0.192147	0.605841	0.552531	1	4.57481e-06	1.7632e-05	-2.45447e-05
-0.19214	0.605865	0.552561	1	1.89643e-05	2.9776e-05	5.25773e-06
-0.19218	0.605881	0.552531	1	8.2839e-06	1.03767e-05	2.88611e-05
-0.192168	0.605898	0.552533	1	4.13027e-06	1.70713e-05	1.69402e-05
-0.192166	0.605913	0.552525	1	-3.28706e-06	-1.02614e-05	5.01921e-06
-0.192135	0.605934	0.55257	1	2.26765e-05	3.44394e-05	-1.31005e-05
-0.19213	0.605936	0.552554	1	1.57034e-05	3.16284e-05	-2.50214e-05
-0.192158	0.605942	0.552528	1	4.21773e-07	1.24052e-05	-9.41265e-07
-0.192136	0.605938	0.552554	1	1.57036e-05	1.36273e-05	-7.14025e-06
-0.192163	0.605956	0.552492	1	-2.55428e-05	-4.42158e-05	-1.17938e-06
-0.192168	0.605942	0.552532	1	2.73585e-07	-5.78209e-06	2.88611e-05
-0.192136	0.605948	0.552528	1	7.84027e-06	-8.18512e-06	-7.1403e-06
-0.192166	0.605951	0.552546	1	8.28532e-06	2.22963e-05	1.67018e-05
-0.192134	0.605965	0.55254	1	4.42824e-06	2.35236e-05	-1.31005e-05
-0.192149	0.605961	0.552533	1	7.98895e-06	3.92229e-06	-9.41319e-07
-0.19217	0.60597	0.552539	1	1.16986e-05	2.6588e-05	2.86228e-05
-0.192145	0.605972	0.552518	1	-1.10034e-05	-1.99652e-05	-6.90167e-06
-0.192132	0.605977	0.552565	1	1.89696e-05	2.97719e-05	-1.9061e-05
-0.192194	0.606024	0.552745	1	-1.79777e-05	-2.8736e-05	-1.33389e-05
-0.192124	0.605988	0.553565	1	1.65956e-05	2.08254e-05	-3.12204e-05
-0.192138	0.605958	0.554762	1	2.8762e-05	3.61288e-05	-1.41811e-06
-0.192105	0.60597	0.556292	1	4.13153e-06	1.11101e-05	-3.71809e-05
-0.192122	0.605948	0.558234	1	2.14904e-05	1.49449e-05	-1.90613e-05
-0.192123	0.605957	0.560421	1	-8.03596e-06	-2.8154e-05	-2.50214e-05
-0.192119	0.605948	0.562925	1	-1.21017e-06	-1.56878e-06	-7.27053e-05
-0.192187	0.605927	0.566141	1	7.83916e-06	9.81647e-06	-9.41271e-07
-0.19218	0.605921	0.570035	1	-5.3639e-06	-6.79485e-06	-9.4127e-07
-0.192174	0.605905	0.574333	1	4.42678e-06	-5.558e-07	-1.28622e-05
-0.192141	0.605909	0.57903	1	-8.77587e-06	-2.31284e-05	-5.48238e-05
-0.192204	0.605875	0.584209	1	-2.00461e-05	-1.93155e-05	-1.21471e-05
-0.192197	0.605867	0.589848	1	2.053e-06	2.53779e-06	-3.05052e-05
-0.192201	0.605843	0.595913	1	-1.58919e-05	-3.80514e-05	-3.02665e-05
-0.192247	0.605818	0.60244	1	-2.24773e-06	3.08442e-06	1.16949e-05
-0.192225	0.605803	0.609441	1	-1.27753e-05	-2.81723e-05	-3.02666e-05
-0.192255	0.605773	0.616508	1	-4.91601e-06	-1.82775e-05	-1.78689e-05
-0.192226	0.605737	0.623389	1	1.42088e-05	2.97708e-05	-2.38293e-05
-0.192262	0.605746	0.629762	1	-3.81206e-05	-4.80657e-05	-3.00283e-05
-0.192306	0.605706	0.635834	1	1.10938e-05	1.88989e-06	1.83705e-05
-0.192332	0.60571	0.641358	1	-5.2193e-05	-5.98529e-05	-5.23311e-06
-0.192288	0.605664	0.646668	1	1.03509e-05	9.5729e-07	-5.23293e-06
-0.192319	0.605651	0.651303	1	-1.67688e-05	-2.72604e-05	-4.99428e-06
-0.192328	0.605648	0.655567	1	-3.35131e-05	-4.22867e-05	-4.99438e-06
-0.192322	0.605632	0.659492	1	-5.65392e-06	-1.21289e-06	-1.69153e-05
-0.192298	0.605611	0.662622	1	6.19991e-06	7.76927e-06	-2.31142e-05
-0.19234	0.605595	0.665124	1	-2.23957e-05	-4.03215e-05	1.20477e-06
-0.192299	0.60559	0.667382	1	-1.15807e-05	-3.86064e-05	-2.28755e-05
-0.192324	0.605577	0.669336	1	1.73109e-05	3.37007e-05	-1.09546e-05
-0.192335	0.605575	0.670837	1	-1.00979e-05	-6.81748e-06	1.20444e-06
-0.192363	0.605568	0.671901	1	-8.31969e-06	-1.05366e-05	1.93243e-05
-0.192346	0.60558	0.672338	1	-4.44674e-05	-5.6117e-05	-1.66769e-05
-0.192322	0.605573	0.67243	1	-4.17093e-06	1.26944e-05	-2.88363e-05
-0.192316	0.605581	0.672417	1	-1.1283e-05	-8.31187e-06	-2.28758e-05
-0.192351	0.605563	0.672435	1	-4.02343e-06	1.28812e-05	7.40331e-06
-0.192345	0.605561	0.672443	1	3.23597e-06	4.03398e-06	1.33638e-05
-0.192343	0.60556	0.672457	1	1.09399e-05	1.70753e-06	1.33637e-05
-0.192337	0.605568	0.672449	1	1.09398e-05	2.56687e-05	-4.51742e-06
-0.192334	0.605561	0.672439	1	3.53213e-06	-7.63249e-06	-4.75601e-06
-0.192347	0.605574	0.672432	1	6.94017e-06	-9.29675e-06	1.31253e-05
-0.192345	0.605561	0.672447	1	1.81991e-05	2.88614e-05	1.3364e-05
-0.192325	0.605211	0.672552	1	7.39801e-05	8.13419e-05	2.63411e-06
-0.192329	0.604918	0.672451	1	1.03273e-05	-1.7025e-05	-1.95382e-05
-0.192313	0.604664	0.672441	1	-6.14606e-07	-6.90375e-06	-3.07436e-05
-0.19235	0.604438	0.672456	1	1.03144e-05	9.86401e-07	1.21716e-05
-0.192324	0.604276	0.672451	1	1.37047e-05	2.32969e-05	-5.23272e-06
-0.192312	0.604129	0.672454	1	1.00103e-05	1.26589e-05	-1.0478e-05
-0.192336	0.604031	0.672438	1	2.6318e-06	9.25648e-06	-2.16837e-05
-0.192316	0.603932	0.672426	1	-1.05542e-06	4.57339e-06	-2.74057e-05
-0.192347	0.603855	0.672421	1	-5.03605e-06	-1.25258e-05	8.83392e-06
-0.192366	0.603777	0.672435	1	-1.6448e-06	-2.13695e-06	3.93515e-05
-0.192322	0.603736	0.672435	1	6.16644e-06	-4.24463e-06	-2.02533e-05
-0.192344	0.603698	0.672413	1	-1.22542e-05	-9.67152e-06	-1.42928e-05
-0.192312	0.603635	0.672458	1	2.08996e-05	2.65405e-05	-1.40543e-05
-0.192344	0.603625	0.672396	1	-2.0208e-05	-3.77961e-05	-8.09358e-06
-0.192313	0.603582	0.672428	1	-5.1797e-06	-1.27163e-05	-1.38158e-05
-0.192341	0.603549	0.672444	1	9.84672e-06	-5.5161e-06	1.62247e-05
-0.1923	0.603543	0.672433	1	2.33371e-06	8.88433e-06	-3.16973e-05
-0.192309	0.60352	0.672427	1	-5.17875e-06	-1.27171e-05	-2.54984e-05
-0.192336	0.603515	0.672402	1	-2.4031e-05	-3.06355e-05	-1.3339e-05
-0.192338	0.603482	0.672406	1	-1.26892e-05	-2.82399e-05	4.54251e-06
-0.192301	0.603445	0.672442	1	2.03834e-06	-3.53037e-06	-1.3339e-05
-0.192324	0.603439	0.672454	1	1.36723e-05	1.73619e-05	4.78078e-06
-0.192315	0.603445	0.672418	1	-9.00636e-06	-5.55278e-06	-1.31007e-05
-0.192311	0.603442	0.67245	1	1.35244e-05	1.10951e-05	-2.50216e-05
-0.19232	0.60342	0.672453	1	1.36712e-05	1.1283e-05	-7.37866e-06
-0.192335	0.603418	0.672425	1	-1.3486e-06	-7.84294e-06	-9.41262e-07
-0.192367	0.60339	0.672435	1	2.03785e-06	8.51012e-06	2.3139e-05
-0.192366	0.603387	0.672435	1	2.18507e-06	8.69762e-06	2.88611e-05
-0.192334	0.603375	0.672442	1	9.69451e-06	-5.69979e-06	1.09795e-05
-0.192363	0.603381	0.672425	1	-1.28332e-05	1.61033e-06	2.31388e-05
-0.192345	0.603373	0.672435	1	-1.49572e-06	4.00954e-06	1.09797e-05
-0.192319	0.603379	0.672421	1	-9.15192e-06	-2.37425e-05	-2.50214e-05
-0.192329	0.603347	0.672432	1	-1.64275e-06	-1.41787e-05	5.01921e-06
-0.192318	0.603367	0.672345	1	-4.21296e-05	-4.17887e-05	-2.47836e-05
-0.192297	0.60334	0.672394	1	-1.62172e-05	-2.07049e-05	-3.67041e-05
-0.192287	0.603303	0.672459	1	1.33733e-05	1.69904e-05	-6.66332e-06
-0.192293	0.603313	0.672488	1	2.79474e-05	4.15176e-05	-1.88225e-05
-0.192343	0.603339	0.672437	1	6.01247e-06	7.61348e-06	-7.02852e-07
-0.19234	0.603347	0.672417	1	-1.26842e-05	-2.22835e-05	-7.02774e-07
-0.192341	0.603351	0.672406	1	-1.62174e-05	-2.67845e-05	-6.90164e-06
-0.192333	0.603347	0.67244	1	2.33221e-06	8.88536e-06	-9.41256e-07
-0.192341	0.603338	0.67243	1	-5.32316e-06	-1.29067e-05	1.09797e-05
-0.192336	0.603342	0.672434	1	1.74328e-06	8.13523e-06	5.0192e-06
-0.192937	0.603456	0.672396	1	-1.97287e-05	-2.52229e-05	-3.50351e-05
-0.194476	0.603729	0.672439	1	-1.54244e-05	-3.18517e-05	5.01938e-06
-0.196354	0.604072	0.672481	1	1.16739e-05	1.49899e-05	3.36294e-05
-0.198076	0.60441	0.672464	1	-9.79075e-06	-1.87953e-05	-3.56381e-06
-0.199751	0.604728	0.672476	1	-1.61597e-05	-2.71311e-05	7.27759e-07
-0.201604	0.605071	0.672513	1	-2.33186e-08	1.79249e-05	-4.64433e-07
-0.203265	0.605375	0.672496	1	-1.75093e-05	-1.70605e-05	3.827e-06
-0.20402	0.605534	0.672512	1	-1.75547e-06	-8.43274e-06	-6.55527e-05
-0.204103	0.605523	0.672548	1	8.63467e-06	-6.68885e-06	-5.7098e-06
-0.204173	0.605544	0.672504	1	-9.25811e-06	-6.26222e-06	6.44965e-06
-0.204149	0.605542	0.672519	1	-5.65102e-06	-7.47756e-06	6.21129e-06
-0.204159	0.605539	0.67251	1	-1.30095e-05	-2.32372e-05	-5.70956e-06
-0.204167	0.605529	0.672521	1	-1.89915e-06	9.37785e-06	6.44968e-06
-0.204151	0.605535	0.672523	1	1.5639e-06	2.01209e-06	4.89241e-07
-0.204164	0.605537	0.672535	1	-2.04347e-06	3.22764e-06	6.44969e-06
-0.204159	0.605539	0.67251	1	-1.30095e-05	-1.71576e-05	-5.70964e-06
-0.204167	0.605542	0.672517	1	-2.18749e-06	-2.68837e-05	1.24102e-05
-0.204236	0.605492	0.672515	1	-1.25742e-05	-2.26695e-05	4.84115e-05
-0.204186	0.605197	0.672556	1	2.64998e-05	3.48674e-05	1.98011e-05
-0.204151	0.604989	0.672515	1	-2.45122e-05	-3.84521e-05	-3.28892e-05
-0.204166	0.604769	0.67253	1	4.43962e-06	1.17762e-05	3.82713e-06
-0.20413	0.604598	0.672539	1	1.14886e-05	1.5132e-05	-1.31006e-05
-0.204139	0.604458	0.67252	1	4.29137e-06	-1.23719e-05	-1.88227e-05
-0.204121	0.604333	0.672538	1	4.00268e-06	5.24942e-06	-2.43063e-05
-0.204145	0.604236	0.672507	1	-1.41101e-05	-3.67175e-05	-1.78687e-05
-0.204141	0.604121	0.67252	1	1.2033e-07	-5.96509e-06	-5.23281e-06
-0.204165	0.604038	0.672522	1	-3.32749e-06	1.50839e-06	6.44969e-06
-0.20415	0.60397	0.672521	1	3.71107e-06	2.28727e-05	9.66146e-07
-0.204188	0.603908	0.67252	1	-7.20356e-06	-3.63124e-06	2.45695e-05
-0.204144	0.603871	0.672495	1	-1.09355e-05	-2.6201e-06	-1.73923e-05
-0.204161	0.603791	0.67253	1	1.07434e-05	1.4201e-05	1.26486e-05
-0.204139	0.603755	0.672534	1	7.15376e-06	1.54031e-05	-5.47118e-06
-0.204126	0.603719	0.672518	1	-7.19959e-06	-9.59458e-06	-1.73922e-05
-0.204126	0.603691	0.672502	1	-7.48582e-06	-9.97597e-06	-2.93131e-05
-0.20415	0.603659	0.672519	1	-7.34178e-06	-9.78597e-06	7.2766e-07
-0.20415	0.603636	0.672544	1	1.46132e-05	1.93452e-05	1.86091e-05
-0.20411	0.603623	0.672522	1	3.56374e-06	4.68459e-06	-3.52735e-05
-0.204119	0.603601	0.672517	1	-1.66779e-07	5.69439e-06	-5.47122e-06
-0.204163	0.603592	0.672507	1	-1.10706e-05	-2.08175e-05	1.86091e-05
-0.204133	0.603582	0.672522	1	-7.34008e-06	-3.82673e-06	-1.14317e-05
-0.204159	0.603577	0.672515	1	-3.75324e-06	9.33665e-07	-5.23283e-06
-0.204169	0.603562	0.67252	1	-1.07824e-05	-3.23583e-05	2.45697e-05
-0.204158	0.603566	0.672508	1	-7.19632e-06	-3.63661e-06	6.68808e-06
-0.204181	0.60355	0.672508	1	-1.43686e-05	-1.31586e-05	2.45694e-05
-0.204135	0.603533	0.672536	1	7.14902e-06	3.3665e-06	-5.47127e-06
-0.204171	0.60352	0.672552	1	1.05914e-05	1.4017e-05	2.45695e-05
-0.204148	0.603524	0.672527	1	-1.66776e-07	5.69436e-06	7.27659e-07
-0.204135	0.603504	0.672536	1	1.10216e-05	2.05488e-05	1.26487e-05
-0.204118	0.603506	0.672552	1	1.41772e-05	1.87782e-05	-1.11933e-05
-0.204124	0.603505	0.672532	1	3.56267e-06	1.06459e-05	-1.14317e-05
-0.204129	0.603494	0.672543	1	7.29186e-06	1.55976e-05	4.89285e-07
-0.204149	0.603498	0.67253	1	7.43506e-06	9.82772e-06	4.89241e-07
-0.204152	0.603487	0.672508	1	-1.10672e-05	-2.08202e-05	6.68819e-06
-0.204141	0.603513	0.672492	1	-1.83829e-05	-1.25319e-05	-1.11935e-05
-0.204212	0.603477	0.672359	1	-1.80954e-05	-1.21521e-05	6.08089e-05
-0.204191	0.603459	0.671772	1	9.58486e-06	3.06856e-05	5.4372e-05
-0.204097	0.603493	0.670692	1	3.29678e-05	5.56473e-05	-1.73918e-05
-0.204169	0.603511	0.669131	1	1.25989e-05	3.46838e-05	3.07686e-05
-0.2042	0.603549	0.667254	1	4.20108e-05	6.16795e-05	7.24919e-05
-0.204123	0.603601	0.665036	1	3.12553e-05	6.53956e-05	-1.14309e-05
-0.204215	0.60366	0.662452	1	6.86386e-06	2.09846e-05	3.72058e-05
-0.204177	0.603704	0.65917	1	2.62401e-05	3.47648e-05	1.86091e-05
-0.204217	0.603786	0.655174	1	-5.33504e-06	2.28023e-05	2.45694e-05
-0.204212	0.603875	0.650933	1	-6.62802e-06	-2.87078e-06	1.8609e-05
-0.204243	0.603942	0.646244	1	6.29518e-06	1.42586e-05	5.46103e-05
-0.204246	0.604035	0.641039	1	-4.0456e-06	6.51708e-06	3.07684e-05
-0.204231	0.604136	0.635452	1	8.02261e-06	2.85793e-05	3.07685e-05
-0.204234	0.604237	0.629457	1	2.59896e-05	4.62774e-05	4.8955e-07
-0.204249	0.604343	0.623021	1	-1.25304e-05	-2.86633e-05	5.97302e-06
-0.204272	0.604457	0.616246	1	3.47782e-05	6.39444e-05	2.95769e-05
-0.20427	0.604582	0.609041	1	-1.4619e-06	-1.97695e-06	1.12181e-05
-0.204268	0.604702	0.602233	1	1.07697e-05	2.61018e-05	1.64634e-05
-0.204281	0.604811	0.595808	1	2.50246e-05	3.89542e-05	2.17086e-05
-0.20433	0.604924	0.58978	1	3.28806e-06	1.62159e-05	3.36295e-05
-0.204316	0.605021	0.58419	1	3.57734e-06	1.06347e-05	2.09933e-05
-0.204312	0.605108	0.579072	1	-2.90484e-06	8.04589e-06	1.47943e-05
-0.20431	0.605191	0.574391	1	1.65476e-05	3.36893e-05	-9.28572e-06
-0.204322	0.605253	0.570178	1	3.84585e-05	5.65943e-05	2.00398e-05
-0.204309	0.605342	0.566245	1	1.20822e-07	6.0747e-06	1.68134e-06
-0.20432	0.605372	0.562924	1	1.79981e-05	2.36605e-05	1.68133e-06
-0.204347	0.605415	0.56038	1	1.7856e-05	2.94294e-05	2.52849e-05
-0.204318	0.605457	0.558182	1	2.55014e-05	3.94904e-05	1.44307e-06
-0.204321	0.605478	0.556278	1	1.22352e-05	9.98226e-06	7.16489e-06
-0.204308	0.605511	0.554697	1	6.46709e-06	8.46731e-06	-4.75597e-06
-0.204319	0.605533	0.553556	1	2.40654e-05	3.16267e-05	1.2887e-05
-0.204343	0.605568	0.552835	1	2.32003e-05	5.44485e-05	9.66634e-07
-0.204326	0.605558	0.552657	1	2.33452e-05	2.45971e-05	6.9264e-06
-0.204319	0.60557	0.552604	1	1.27485e-06	-4.44688e-06	-1.11933e-05
-0.204336	0.605568	0.552606	1	-5.50477e-06	-1.33689e-05	7.27693e-07
-0.204358	0.605568	0.55262	1	4.88105e-06	1.2339e-05	2.4808e-05
-0.204345	0.60557	0.552609	1	1.41925e-06	-4.25705e-06	1.2887e-05
-0.204344	0.605565	0.552626	1	8.63155e-06	5.23457e-06	6.68807e-06
-0.204326	0.605565	0.552626	1	1.58443e-05	2.6766e-05	9.66172e-07
-0.204363	0.605565	0.552609	1	1.41917e-06	1.82263e-06	3.07684e-05
-0.204347	0.605565	0.552607	1	-2.04275e-06	3.22712e-06	9.66067e-07
-0.204353	0.605586	0.552582	1	-2.38255e-05	-3.13969e-05	1.31254e-05
-0.204335	0.605654	0.552553	1	-3.13323e-05	-4.73434e-05	-1.14315e-05
-0.204332	0.605706	0.552589	1	-9.11471e-06	-1.81119e-05	2.50878e-07
-0.204359	0.605756	0.552604	1	1.27601e-06	-1.04079e-05	3.00531e-05
-0.204322	0.605806	0.552605	1	-5.6531e-06	-7.47597e-06	1.24043e-08
-0.20434	0.605839	0.552618	1	5.60691e-06	1.32847e-05	1.76554e-05
-0.204337	0.605874	0.552592	1	-9.40804e-06	-4.87292e-07	5.49592e-06
-0.204371	0.605898	0.5526	1	-1.2729e-05	-2.28513e-05	2.33775e-05
-0.20434	0.605919	0.552625	1	8.92927e-06	1.76473e-05	5.25767e-06
-0.20434	0.605947	0.552611	1	-8.97666e-06	-1.18376e-05	5.25761e-06
-0.204322	0.60596	0.552647	1	2.35164e-05	3.08461e-05	-6.90174e-06
-0.204363	0.605989	0.552599	1	-9.26657e-06	-1.22162e-05	2.3139e-05
-0.204344	0.606009	0.552613	1	-1.61201e-06	3.79817e-06	-7.14016e-06
-0.204324	0.606007	0.552614	1	1.85437e-06	8.35078e-06	-1.28622e-05
-0.204323	0.606018	0.552629	1	1.25426e-05	1.03475e-05	-1.31007e-05
-0.204328	0.60603	0.552612	1	-1.90113e-06	-8.62122e-06	-7.14014e-06
-0.204337	0.606045	0.55266	1	2.72774e-05	4.17341e-05	-1.17953e-06
-0.204334	0.606053	0.552667	1	3.11785e-05	4.68547e-05	-1.1795e-06
-0.204349	0.606073	0.552587	1	-9.12389e-06	-6.0647e-06	-7.14021e-06
-0.204385	0.606079	0.552584	1	-8.69067e-06	-5.49568e-06	1.69401e-05
-0.204371	0.606079	0.552601	1	-1.75664e-06	-1.43919e-05	1.67017e-05
-0.204366	0.606086	0.552588	1	-1.62032e-05	-2.13185e-05	1.67017e-05
-0.204343	0.606092	0.552597	1	-1.63481e-05	-3.3548e-05	-1.17949e-06
-0.204368	0.606069	0.552601	1	-1.61218e-06	-8.24166e-06	4.6504e-05
-0.204332	0.606084	0.552616	1	1.99921e-06	8.54011e-06	-1.17968e-06
-0.204326	0.60609	0.552623	1	5.75516e-06	-4.5292e-06	-1.35775e-05
-0.204338	0.606089	0.552611	1	1.71032e-06	2.20028e-06	1.05028e-05
-0.20435	0.606087	0.552625	1	9.22294e-06	5.98301e-06	2.26621e-05
-0.204319	0.606096	0.552647	1	1.67358e-05	3.38456e-05	-1.41791e-06
-0.204309	0.606104	0.552627	1	1.28349e-05	-1.19684e-06	-1.33393e-05
-0.204315	0.606111	0.552612	1	9.22329e-06	1.80229e-05	-1.92994e-05
-0.204313	0.606149	0.55265	1	-4.13508e-05	-6.03919e-05	4.06577e-06
-0.203904	0.606042	0.553327	1	2.0507e-05	3.28051e-05	-2.04915e-05
-0.203299	0.605947	0.554311	1	9.96368e-06	1.89574e-05	-4.27907e-06
-0.202475	0.605847	0.555665	1	3.31044e-06	-7.76211e-06	-1.85843e-05
-0.201443	0.605694	0.557386	1	-1.00428e-05	4.87777e-06	-3.33664e-05
-0.200267	0.605521	0.5594	1	-4.68036e-06	-6.11882e-06	-1.83458e-05
-0.198801	0.605322	0.561758	1	9.98338e-07	7.20468e-06	-4.64792e-05
-0.197	0.60502	0.564881	1	8.02901e-06	4.19426e-06	3.1722e-05
-0.194835	0.604712	0.568462	1	7.32525e-06	9.31086e-06	2.15817e-06
-0.19244	0.604372	0.572393	1	-1.41932e-05	-6.129e-06	-2.8598e-05
-0.189854	0.603993	0.576746	1	-2.33371e-08	-7.56619e-08	-1.83458e-05
-0.187013	0.603579	0.581446	1	-1.41863e-05	-1.77511e-05	-2.04916e-05
-0.183951	0.603123	0.586578	1	4.02481e-06	-1.15021e-06	1.23792e-08
-0.180618	0.602641	0.592107	1	1.40062e-05	1.70944e-05	-1.57232e-05
-0.177111	0.60213	0.597965	1	6.50603e-06	7.82818e-06	-8.57067e-06
-0.173316	0.601568	0.604317	1	7.62313e-06	1.50303e-05	9.31077e-06
-0.169488	0.600999	0.610691	1	2.74928e-06	3.19999e-06	2.09932e-05
-0.165876	0.600481	0.61667	1	-1.67723e-05	-2.57128e-05	-2.13326e-06
-0.16251	0.599991	0.622274	1	1.69352e-06	7.8674e-06	-1.11933e-05
-0.159453	0.599546	0.627382	1	-2.21578e-05	-3.74176e-05	-1.88224e-05
0	0	0	1	0	0	0
