-4.066196395634511163e+01
-4.063418607111859870e+01
-4.072583346490449685e+01
-4.068177002828711153e+01
-4.067079973066638843e+01
-4.054934021595163784e+01
-4.064023827983636750e+01
-4.063172189206234464e+01
-4.076492430798587918e+01
-4.051866563744945182e+01
-4.073150325535324612e+01
-4.075164830965309903e+01
-4.049930403693939951e+01
-4.061481045474928919e+01
-4.063466387746058217e+01
-4.057329454647155131e+01
-4.052790767156970730e+01
-4.043295719232016694e+01
-4.057826535614731966e+01
-4.070023679107193004e+01
-4.059600774063544293e+01
-4.066740276607290383e+01
-4.056134744185045804e+01
-4.061071804648071293e+01
-4.057251476116864097e+01
-4.060251465061627130e+01
-4.072501377104924103e+01
-4.051913454013433835e+01
-4.066159200518094252e+01
-4.076119645807778369e+01
-4.049691248857585180e+01
-4.071138288430145735e+01
-4.063296975808457034e+01
-4.064087579081117241e+01
-4.047141643996209126e+01
-4.055308024246821219e+01
-4.055207111287769095e+01
-4.054850610555722312e+01
-4.046106755993743320e+01
-4.051103095175705704e+01
-4.048740886674561068e+01
-4.055982232517482799e+01
-4.065779967487653579e+01
-4.067711328852119124e+01
-4.068863173144611523e+01
-4.066618174427011212e+01
-4.059869540832717405e+01
-4.050538971429140389e+01
-4.065517019689630729e+01
-4.069156842366056281e+01
-4.064733436692925750e+01
-4.063717334046852869e+01
-4.055000831666931305e+01
-4.055405768894004126e+01
-4.054298588614903309e+01
-4.067803583981979898e+01
-4.056528668589515263e+01
-4.059537897522192651e+01
-4.051521683420998698e+01
-4.058136905609701728e+01
-4.060843459540035383e+01
-4.048385099410874943e+01
-4.059070264442188147e+01
-4.048715210001068954e+01
-4.055777385314961947e+01
-4.058233836456712140e+01
-4.060870125300522204e+01
-4.064319420989460951e+01
-4.070426220215910007e+01
-4.073332816526855993e+01
-4.059828184858870515e+01
-4.061210809825333712e+01
-4.060046609670878581e+01
-4.054469387779946743e+01
-4.059268365065135242e+01
-4.065333445158989889e+01
-4.068171001020860444e+01
-4.061370003647412830e+01
-4.051833940564490177e+01
-4.061587770747688353e+01
-4.049481049404294453e+01
-4.050784542219700768e+01
-4.060896988266065222e+01
-4.060574489048244828e+01
-4.059032036241826802e+01
-4.056936454951994619e+01
-4.072417961821280841e+01
-4.058094896969800658e+01
-4.062523073706547905e+01
-4.049821831494411128e+01
-4.060556585425412379e+01
-4.049871588939611655e+01
-4.053823823553510408e+01
-4.061839511232918198e+01
-4.067982160162959815e+01
-4.069837455061412612e+01
-4.066015649517143515e+01
-4.072532136902107425e+01
-4.047886329176525066e+01
-4.062886828177186516e+01
-4.062246049273742443e+01
-4.047596572548349059e+01
-4.075851232545808500e+01
-4.067817384262261271e+01
-4.061581441082098110e+01
-4.062994930185221421e+01
-4.061659621715016044e+01
-4.054092198955866877e+01
-4.046502255531068215e+01
-4.064060364717189344e+01
-4.060645183381902967e+01
-4.060590605384635410e+01
-4.074722160022869133e+01
-4.049896073242820194e+01
-4.067824269261537040e+01
-4.052089622610471764e+01
-4.072082039355066740e+01
-4.055883822322066123e+01
-4.053003463813470830e+01
-4.064407437755806285e+01
-4.055623445991097498e+01
-4.071768726595309573e+01
-4.075100342627108319e+01
-4.060418722045023543e+01
-4.058738303517640134e+01
-4.062689112774420153e+01
-4.059265118564405128e+01
-4.073519138140811435e+01
-4.073853851109527113e+01
-4.057828399754929904e+01
-4.056228287242490183e+01
-4.053055187414349092e+01
-4.058901790511930585e+01
-4.062947645528974761e+01
-4.050428958329180773e+01
-4.063757940046352957e+01
-4.069730077960995374e+01
-4.048596457492617873e+01
-4.074233026208883501e+01
-4.055577255431943939e+01
-4.049374758165693322e+01
-4.067341014487446671e+01
-4.062776523990680033e+01
-4.050184930547089834e+01
-4.061213925013979775e+01
-4.054685323835187916e+01
-4.070270245363506945e+01
-4.048602772519497250e+01
-4.060405320650483674e+01
-4.058777264384177386e+01
-4.055871439111618315e+01
-4.055754707120059521e+01
-4.050334422571015125e+01
-4.070753325549368640e+01
-4.061785512123385189e+01
-4.071488912669427407e+01
-4.048096432946385193e+01
-4.061209211287277299e+01
-4.078772819959121421e+01
-4.072910809361328432e+01
-4.063617854572827781e+01
-4.070466277732469251e+01
-4.060339541336851710e+01
-4.060461678850948886e+01
-4.048507725819402481e+01
-4.064188592113649179e+01
-4.057482867196533505e+01
-4.060172605014044223e+01
-4.045916661242953438e+01
-4.046962647040248129e+01
-4.062177960919613895e+01
-4.074258675471590863e+01
-4.062782683286969387e+01
-4.055308117124359768e+01
-4.061078230010880930e+01
-4.057239532506530111e+01
-4.056807375337039900e+01
-4.051315417829988519e+01
-4.052422914245608609e+01
-4.056815884600193556e+01
-4.062533694496219994e+01
-4.076731579926192950e+01
-4.055855309598101854e+01
-4.069166316942366990e+01
-4.056003560367605587e+01
-4.062322413564110946e+01
-4.060813414144597289e+01
-4.054113600350469682e+01
-4.061325776822948797e+01
-4.054520676623865683e+01
-4.067573832478951346e+01
-4.070912774011504354e+01
-4.063654909805268289e+01
-4.064956108137558033e+01
-4.068706459734097081e+01
-4.056288795009839276e+01
-4.062371075848795954e+01
-4.057483969296227855e+01
-4.064582005891452354e+01
-4.071075047523078894e+01
